625878403 45678765432345 05/26 765
624561037 45678765432346 05/26 765
627485130 45678765432347 05/26 765
627485131 45678765432348 05/26 765
627485132 45678765432349 05/26 765
627485133 45678765432350 05/26 765
627485134 45678765432351 05/26 765
627485135 45678765432352 05/26 765
627485136 45678765432353 05/26 765
627485137 45678765432354 05/26 765
627485138 45678765432355 05/26 765
627485139 45678765432356 05/26 765
627485140 45678765432357 05/26 765
627485141 45678765432358 05/26 765
627485142 45678765432359 05/26 765